inherit_from: "configs/mono/tum/base_config.yaml"

Dataset:
  dataset_path: "datasets/tum/rgbd_dataset_freiburg1_desk/"
  Calibration:
    fx: 413.8451264 # 517.306408
    fy: 413.175372 # 516.469215
    cx: 254.914432 #318.643040
    cy: 204.2511912 #255.313989
    k1: 0.262383
    k2: -0.953104
    p1: -0.005358
    p2: 0.002628
    k3: 1.163314
    width: 512 #640
    height: 384 #480
    depth_scale: 5000.0
    distorted: True



